4 2 
3 
4 3 
37 4 
71 11 4 18 2 5 
22 17 2 7 5 
3 
3 
0 
3 
3 
3 
5 
3 
5 
9 5 
106 
4 3 2 5 
2 23 
4 3 2 
5 
11 3 1 20 
4 17 5 26 
18 3 
2 
2 8 
4 
4 18 3 2 5 
5 1 
3 5 1 
17 
65 3 2 7 28 23 
3 5 
14 38 5 
4 5 
0 
5 
4 17 2 5 
3 5 
5 
3 2 5 1 
9 4 3 2 
3 
3 5 
5 
3 2 
4 2 
5 1 
3 5 
3 
4 18 3 
4 
1 
4 17 18 3 
4 2 23 
4 5 
4 2 
2 1 
3 5 1 0 
2 8 
3 5 
72 40 3 2 7 23 0 
3 8 1 0 
4 2 
3 5 
4 17 27 8 
4 3 
2 0 
4 3 2 
9 
4 5 
26 
3 
5 1 
4 3 2 5 
3 
17 
3 5 
2 23 
4 3 
23 1 
5 20 
3 5 
5 
3 5 
11 14 3 8 5 1 
23 
3 2 
1 
27 
18 3 2 8 7 5 23 1 0 20 
3 2 5 
9 4 5 
3 
5 
4 3 2 
3 
28 
4 
19 5 
3 
18 15 62 
3 
3 2 5 
2 
18 3 
5 
5 
3 5 
10 
11 4 15 29 28 5 1 
98 18 60 2 
5 1 20 
65 27 8 
5 23 
3 
4 67 3 2 8 5 1 0 
3 
3 
4 3 2 5 
3 8 5 
4 3 2 5 
3 
4 
15 2 
3 
3 28 
4 18 3 
9 
3 
4 3 5 
3 5 
3 
4 
9 8 
4 2 
4 3 2 8 38 5 1 0 20 
9 4 2 
3 5 1 
67 18 3 21 5 
9 4 
5 
0 
4 3 2 5 
4 3 5 1 
5 0 
4 18 3 
3 
5 
12 11 10 9 4 3 2 8 7 5 1 0 
3 
17 
23 
4 2 
3 5 
5 
4 3 5 1 0 
4 2 
5 
17 3 
0 
17 2 5 
4 3 8 5 
5 
2 
4 3 
3 5 
4 2 8 
4 14 2 8 
8 
5 
4 2 5 
4 18 3 5 
5 
2 
23 0 
12 45 
3 8 1 
4 5 
5 1 
3 2 
3 2 5 
3 2 5 
5 1 
9 3 
3 1 
21 
5 
9 4 14 2 5 1 
4 
64 
72 3 8 5 
4 5 1 
3 
4 3 
3 5 
4 
4 2 
3 2 5 
5 
3 5 
5 
40 50 8 
4 
3 
4 
2 
3 
11 4 17 
3 2 
2 
17 3 
5 
2 5 
4 14 3 2 5 0 
3 
3 
5 
4 3 2 5 
4 3 8 5 
3 
60 
17 
2 
50 67 14 16 3 8 7 
3 
45 5 1 
37 2 8 7 5 
4 
3 5 0 
23 
5 
17 102 1 
3 2 5 
4 3 2 
49 5 
5 1 0 
2 8 
5 
2 
3 
4 17 2 5 
4 17 3 2 
48 
4 3 5 1 
0 
11 4 14 18 3 38 1 
11 3 5 
4 3 5 1 
4 
3 2 5 
6 9 4 2 5 
3 15 8 5 1 
5 
3 
4 3 8 5 
2 
17 3 15 8 38 5 1 20 
5 
107 
46 
8 
3 5 23 
3 1 
4 
4 17 
2 
4 3 5 0 
3 2 
3 
3 2 5 1 
5 
4 3 2 5 
3 2 5 
2 1 
4 2 5 
4 
5 
51 3 2 8 7 
4 2 
3 2 
3 
3 
3 
4 
3 2 5 23 1 0 
2 
11 4 17 2 
4 3 5 
31 3 5 
88 87 17 30 
112 
62 
3 8 5 1 
3 5 
9 4 5 
111 
3 8 
3 
3 5 
3 5 0 
78 3 8 5 
2 
5 
3 
3 
17 
4 14 2 
5 
5 
4 3 2 
5 1 
5 
4 3 2 5 
17 3 8 
12 65 
9 3 5 0 
3 
4 20 
3 5 
3 5 1 
4 2 
17 18 
4 2 26 
5 
3 
18 
5 
0 
3 
4 
3 1 
4 17 3 5 
17 27 2 7 
9 
18 3 2 1 20 26 
3 
3 5 1 
5 
4 3 2 
4 3 
3 2 5 
4 5 
3 5 
5 
32 2 25 1 0 
3 5 
4 3 2 5 
5 
4 2 5 
4 17 18 3 2 5 
3 2 8 5 
2 
5 
4 
3 
18 3 8 5 1 
2 
5 1 0 
3 5 0 
65 5 
2 
3 
5 1 
4 3 2 
103 5 1 0 
3 
3 
2 8 5 
5 
3 
23 
5 
3 
4 3 1 
3 
18 3 5 1 
5 
3 2 
11 4 18 3 8 5 
5 
5 
3 5 
3 2 
23 
4 
4 
2 
4 2 5 
4 
14 13 3 5 
9 25 0 
4 5 1 
4 3 
3 5 0 
8 5 1 0 
9 4 32 3 2 5 
4 3 
4 
3 5 
3 
17 
5 1 
5 
4 3 5 
4 
4 3 5 
3 
3 2 
4 3 2 5 
110 38 105 28 23 1 20 
2 
2 
3 5 
3 
4 3 
3 
4 2 
4 2 
1 
3 
3 8 
3 2 5 
3 2 
25 0 
3 5 
37 4 17 43 
0 
4 
12 11 101 56 40 90 37 4 100 94 99 17 95 27 78 16 18 30 3 2 8 38 28 5 23 1 0 20 
4 2 
5 1 0 
8 
4 
3 
4 14 3 2 8 5 
0 
3 
56 3 8 5 
4 18 3 5 
17 1 
4 17 3 2 5 
3 2 5 
3 
3 5 
18 
4 
4 
3 
4 14 
9 97 
104 3 2 8 23 1 0 
4 
11 17 3 2 8 7 23 0 
2 
2 
3 
4 3 2 
18 3 5 1 
5 
9 4 2 
3 5 
3 
46 
4 18 3 5 23 
4 
2 5 1 
4 3 
3 
4 28 
4 
4 
3 2 
11 44 4 3 5 43 
37 4 17 3 5 
4 17 1 
4 
3 5 
5 1 
4 17 2 
70 5 
3 
3 1 
2 5 1 
4 3 2 1 0 
4 3 2 
3 
18 3 7 5 
0 
4 17 
2 
3 5 
3 5 
3 15 
3 5 
3 
8 
15 
4 5 1 
3 15 5 1 
4 3 
21 7 
3 
4 3 8 5 
3 
3 2 5 
18 3 20 
4 3 5 
4 2 5 
2 
4 
9 4 2 23 
108 107 3 21 28 
5 
23 
3 
1 
27 3 2 21 7 5 1 43 
4 2 
74 
5 
4 64 14 62 5 1 0 20 
3 2 1 
3 
3 8 
3 5 
5 
3 5 1 
3 
3 
3 5 
22 3 2 21 5 0 20 
11 9 4 32 3 2 8 28 5 1 0 
14 3 8 5 1 
4 0 
3 
3 2 5 
5 
5 
3 5 
3 2 
3 5 
7 23 
4 2 
3 
3 
11 40 4 55 79 14 27 78 49 3 2 8 21 7 5 1 77 20 76 
49 
3 
3 8 5 
16 3 8 28 5 
4 3 5 
8 5 1 
3 8 
8 
4 3 5 1 
3 
17 3 2 5 
4 
4 
4 2 
4 
12 5 
3 
4 3 
3 
4 2 
2 
3 2 5 
11 40 4 3 21 28 59 
3 
4 
3 5 
3 2 5 1 
2 5 
15 
3 
3 
4 3 2 
5 
4 2 
22 8 23 
1 
4 2 
3 2 5 
3 
1 
9 4 2 
3 2 8 5 
3 5 
28 1 0 
3 
9 4 17 
3 
3 2 5 1 
2 
3 
5 
4 3 0 
4 18 3 2 
3 1 0 
2 
5 1 
14 18 3 15 8 5 1 0 
4 3 2 
3 
7 
3 
4 
3 5 
4 17 3 1 
3 5 
3 5 
5 
5 1 
18 3 8 
3 2 5 1 
8 
28 
5 
4 
3 5 
40 4 2 0 
4 
50 9 4 67 65 95 14 3 5 1 0 
3 5 
11 3 5 
0 
4 2 
4 1 
11 4 5 
18 3 1 
4 3 2 
4 60 2 
9 4 
3 
4 3 
2 
3 8 5 
89 50 4 27 3 5 23 1 
3 
5 0 
1 
2 5 
5 1 
4 18 3 5 
3 
4 17 
4 3 
5 
2 7 0 
18 
2 
23 
4 3 2 
4 18 3 2 8 5 1 
2 
5 
4 5 
3 5 
4 5 
3 2 
40 4 27 3 5 
2 
2 
7 23 
4 3 2 
5 
9 4 3 23 
3 2 
4 2 5 
2 
4 3 5 
3 
4 
4 
40 6 50 4 17 14 18 3 2 8 7 5 23 1 0 20 
9 4 3 5 
3 
4 18 5 1 20 
18 3 5 
3 1 
3 
17 3 2 5 
4 
83 82 81 46 65 74 27 60 2 24 5 23 
3 
17 
4 27 3 2 8 28 23 0 
4 17 
3 
3 5 1 
3 
27 
0 
5 
4 
2 
4 18 3 1 0 
2 
4 2 
65 3 2 5 
5 
5 1 0 
3 5 1 
4 
4 
3 
5 20 
3 2 
3 
18 
3 
3 
4 3 
5 
4 3 2 
5 1 
4 3 
0 
4 17 18 2 
17 
80 3 38 28 5 
3 2 
9 3 
17 
4 0 
9 4 1 
3 5 
4 
4 17 2 5 
2 
4 3 2 
5 
23 
3 2 5 
63 
23 0 
26 
3 5 
4 3 2 8 
3 5 1 
3 
3 
18 3 2 8 5 1 20 
23 
4 3 2 8 5 
5 
50 4 18 2 8 28 5 0 
2 5 1 
3 
5 
17 
3 5 1 20 
3 
2 5 
17 5 
9 3 5 
4 
17 3 5 
4 2 
4 
4 17 3 2 5 
7 5 23 
3 2 5 
3 5 1 
3 5 
4 32 2 5 1 0 
9 4 3 2 5 1 
4 1 
3 5 1 
3 5 
3 5 
18 2 
2 5 
3 
4 3 
5 
2 5 1 
3 
0 
2 
4 
4 3 15 8 38 5 1 20 
2 
3 8 
3 2 5 
4 1 
3 5 1 20 
18 3 5 1 
18 15 
9 4 8 7 5 23 1 0 
4 
36 3 
4 3 2 
4 18 3 2 5 1 26 
4 3 
4 2 8 5 0 
3 2 
3 2 5 
3 62 52 60 61 1 
4 
4 3 2 8 5 20 
4 
4 
3 5 
3 5 
3 
4 3 2 
4 2 5 
4 3 2 8 5 1 
3 2 
3 
3 15 
3 15 2 5 
3 5 1 
3 
6 4 14 27 18 3 2 8 38 5 1 20 
4 3 
3 2 5 1 
3 5 
3 5 
5 1 
4 3 5 1 
4 3 
4 3 2 0 
5 
40 4 2 
4 
4 
4 109 18 3 15 2 8 5 1 
3 
1 
3 
4 2 5 1 
3 28 5 
4 
9 4 3 7 5 
6 4 41 3 2 7 23 1 
3 2 5 
73 50 4 2 5 
4 3 5 
8 
5 1 
20 
3 5 
4 17 5 
4 
3 2 5 
3 1 
3 
4 3 
4 2 
4 2 8 
3 5 1 0 
5 23 1 
4 
23 
4 3 2 8 5 1 20 
3 
50 4 3 2 0 
2 
9 
3 2 5 1 
0 
11 3 5 
9 3 
2 
5 
4 
11 5 
3 2 5 
4 84 18 3 15 2 38 5 1 
17 3 5 
2 
12 40 4 67 66 65 27 45 2 21 0 
3 
30 15 
5 
0 
9 3 5 
2 26 
4 
4 
4 5 
4 3 
2 
3 
5 
4 
9 4 8 
3 
3 2 5 
3 
3 
17 23 
4 
4 2 5 
17 3 7 5 23 
3 
58 4 3 2 5 
4 
9 4 94 14 3 2 8 5 1 
5 
5 
9 
3 
4 2 
3 2 8 5 23 1 
3 
2 
1 20 
4 
3 2 5 
5 
2 5 1 0 
12 10 9 4 16 
4 2 
3 
2 8 5 
4 55 3 2 7 23 1 
2 1 
3 8 
4 2 
2 
5 
9 
4 5 23 
4 2 
9 4 17 3 2 8 5 23 
4 
4 2 
4 3 2 
2 
3 
8 7 5 23 
3 5 
5 
5 
4 3 5 
9 3 5 1 
14 1 
32 18 3 8 21 28 5 1 0 
45 
4 2 
2 5 
3 2 
3 15 8 28 5 
6 
5 
4 14 3 2 8 5 23 
11 3 2 5 
5 
5 1 
5 1 
3 2 
3 
4 3 2 
4 3 5 
4 
3 
17 
3 
5 
3 2 23 
2 5 
77 
11 4 3 2 8 21 7 5 23 1 20 
4 3 
3 
4 17 2 0 
27 
3 5 1 
3 5 
1 
8 
90 4 45 15 2 38 5 20 
3 2 
4 
17 13 18 3 5 1 
5 
3 2 
5 1 
56 4 3 5 0 
5 
15 8 5 
40 4 41 17 27 3 2 8 21 5 23 1 20 
4 
48 3 2 8 21 28 5 1 0 
3 
3 7 5 
11 40 50 4 14 16 18 3 2 8 25 7 5 23 1 
9 
17 5 
3 
4 16 2 
3 5 
3 5 
3 8 5 
7 
3 
17 3 2 5 
4 
4 
5 1 
3 2 8 7 5 23 
3 
3 2 5 
11 
3 
3 5 
5 
4 
4 2 
1 
2 
14 18 3 38 5 1 
4 
3 2 5 
5 
3 5 1 
4 
2 
3 
4 48 22 27 18 3 2 7 5 1 0 
5 
17 
57 56 50 55 54 53 17 14 27 45 3 2 7 1 0 
35 4 34 1 33 
3 2 
3 
3 5 
3 2 
4 3 2 5 
75 4 17 3 
8 5 
4 3 
13 8 
8 5 
9 4 18 3 2 8 38 7 105 5 1 0 
5 1 
32 5 1 0 
3 5 
4 
47 40 9 4 46 17 45 3 8 5 23 
18 3 5 
4 1 
3 5 
2 
24 
4 17 3 15 2 7 5 
5 
3 5 
3 
3 
4 14 3 1 0 86 
12 4 2 
5 
4 3 2 
3 2 
3 2 8 5 1 
5 
5 1 
3 
62 
4 3 
4 3 8 23 
3 
23 
0 
4 
9 4 95 3 8 5 23 
8 23 
41 3 2 1 0 
1 
3 8 5 1 
4 
11 3 
3 5 
2 
9 4 27 5 
21 5 
2 1 
3 5 
3 5 
17 5 
2 1 
4 17 3 
3 
3 2 
3 
4 3 
2 8 5 1 
5 
4 46 3 2 8 5 23 
6 4 5 
3 5 
4 3 2 8 5 1 
6 50 17 3 
4 
12 9 5 1 
4 68 3 5 1 
3 5 
4 3 2 5 
3 5 
17 5 1 
2 
3 
17 1 
11 16 2 5 
0 
78 38 5 1 
16 
4 
8 
9 
3 
4 17 5 
9 4 3 2 
23 
4 
4 
3 
3 
4 3 5 
3 
3 
4 62 5 
4 3 
1 
11 56 90 31 103 46 53 17 21 5 1 
3 
17 8 23 
18 3 8 5 
23 
9 5 
3 
1 
2 
3 
4 3 
4 
4 3 2 5 
4 
4 3 5 
17 3 8 5 
5 
5 
3 2 28 5 1 
9 4 3 
17 3 2 5 59 
3 
4 
5 0 
3 2 5 
4 3 2 5 1 
3 
56 9 4 3 2 
4 3 2 
4 2 5 1 
9 4 3 2 5 1 0 
4 3 2 5 1 
2 
8 5 
40 50 4 17 18 2 5 
5 
17 3 5 
40 4 17 3 2 5 0 
4 1 
1 
20 
17 3 2 
17 5 
11 50 4 41 3 2 28 5 1 0 
4 
18 3 
4 2 8 5 
3 5 
2 
3 2 0 
12 72 9 4 3 2 1 0 
5 
4 
89 
2 
4 
2 
48 5 
5 
4 2 
8 5 
4 
3 8 5 1 20 
85 9 4 3 2 25 0 
9 4 3 2 
3 
4 5 
5 23 0 
5 
3 
5 
5 
0 
4 5 
4 
4 
121 120 119 40 118 117 116 115 50 41 114 46 54 22 66 102 74 27 16 3 8 21 113 7 28 5 23 20 
4 14 18 3 2 8 28 5 1 26 
4 2 
1 
4 3 2 
3 1 
0 
3 
3 
4 18 5 
3 
4 18 5 1 
14 8 
8 23 20 
4 41 
5 
27 45 3 2 8 5 1 20 
4 3 2 
17 3 
9 
4 3 2 
4 5 
17 0 
5 
3 5 0 
50 3 2 8 5 26 
3 60 5 0 
5 
5 
7 
4 
4 
2 
5 1 
69 17 18 3 5 1 
1 
11 1 
3 
3 
8 5 
4 
3 2 5 
7 5 1 0 
4 3 
8 5 
42 56 4 17 3 
3 
60 2 
4 0 
4 
3 5 
5 1 
3 
3 
4 2 5 23 
3 
4 17 2 
4 
5 
3 8 5 
4 3 
5 
3 
4 2 
9 4 
5 
3 
0 
5 
4 2 5 
3 
3 
3 
3 5 
5 
5 
49 
4 3 
30 
9 3 2 8 23 0 
4 5 
4 
4 3 2 5 1 20 
42 4 41 3 5 
5 
2 8 23 
4 
3 
3 
9 3 8 5 0 
4 18 2 
4 
5 1 
3 
4 
4 23 
4 
4 2 
5 1 0 
1 
4 
3 
4 
4 3 2 
3 5 
4 17 5 
3 5 
11 3 2 5 
3 2 8 1 
3 
3 28 5 1 
107 3 62 2 8 
3 1 
4 17 3 2 8 5 1 
3 2 5 
11 
3 
2 
3 
9 5 
3 5 
4 18 3 2 
1 
4 2 
3 5 
2 
3 8 
18 
3 5 1 
5 0 
58 65 
5 
4 2 
20 
3 2 5 
4 
9 2 
5 
3 5 0 
3 
8 5 
11 3 
5 
40 4 14 3 39 15 8 5 1 0
122 5 
3 
3 5 
8 7 5 
4 2 5 0 
3 1 
1 
3 5 
18 3 5 
96 
3 2 
11 40 4 3 
4 2 
9 
3 5 
14 3 2 5 
4 45 3 15 8 5 1 
3 
3 
4 93 92 91 3 2 21 5 1 0 
4 
3 
4 2 0 
52 38 
4 
4 3 2 5 
1 
4 
4 3 
4 3 2 1 0 
6 5 
4 
