1	0.169355	0.864766
1	0.164747	0.844298
1	0.118664	0.839912
1	0.162442	0.883772
1	0.236175	0.899854
1	0.27765	0.936404
1	0.298387	0.955409
1	0.337558	0.961257
1	0.342166	0.958333
1	0.293779	0.93348
1	0.259217	0.924708
1	0.252304	0.942251
1	0.213134	0.921784
1	0.203917	0.891082
1	0.192396	0.880848
1	0.362903	0.961257
1	0.418203	0.964181
1	0.429724	0.967105
1	0.390553	0.942251
1	0.390553	0.936404
1	0.418203	0.923246
1	0.413594	0.901316
1	0.41129	0.888158
1	0.457373	0.864766
1	0.46659	0.848684
1	0.508065	0.907164
1	0.521889	0.927632
1	0.434332	0.93348
1	0.448157	0.958333
1	0.464286	0.972953
1	0.508065	0.956871
1	0.524194	0.934942
1	0.567972	0.927632
1	0.586406	0.955409
1	0.591014	0.958333
1	0.625576	0.952485
1	0.662442	0.949561
1	0.690092	0.936404
1	0.68318	0.923246
1	0.740783	0.91886
1	0.766129	0.914474
1	0.715438	0.892544
1	0.729263	0.88962
1	0.745392	0.875
1	0.738479	0.850146
1	0.738479	0.839912
1	0.779954	0.81652
1	0.8053	0.798977
1	0.796083	0.790205
1	0.782258	0.763889
1	0.766129	0.756579
1	0.720046	0.842836
1	0.738479	0.88962
1	0.740783	0.923246
1	0.715438	0.939327
1	0.676267	0.940789
1	0.637097	0.921784
1	0.680876	0.915936
1	0.740783	0.915936
1	0.756912	0.937865
1	0.77765	0.951023
1	0.832949	0.91886
1	0.779954	0.872076
1	0.77765	0.85307
1	0.770737	0.92617
1	0.671659	0.955409
1	0.574885	0.946637
1	0.544931	0.929094
1	0.503456	0.914474
1	0.443548	0.923246
1	0.390553	0.930556
1	0.337558	0.92617
1	0.369816	0.923246
1	0.436636	0.910088
1	0.535714	0.959795
1	0.457373	0.959795
1	0.422811	0.939327
1	0.408986	0.905702
1	0.367512	0.908626
0	0.37212	0.851608
0	0.351382	0.863304
0	0.3053	0.854532
0	0.323733	0.841374
0	0.289171	0.834064
0	0.27765	0.829678
0	0.293779	0.810673
0	0.298387	0.801901
0	0.31682	0.841374
0	0.353687	0.834064
0	0.353687	0.82383
0	0.3053	0.804825
0	0.291475	0.784357
0	0.261521	0.800439
0	0.268433	0.800439
0	0.270737	0.81652
0	0.247696	0.806287
0	0.259217	0.781433
0	0.261521	0.778509
0	0.233871	0.762427
0	0.229263	0.725877
0	0.266129	0.706871
0	0.302995	0.696637
0	0.293779	0.679094
0	0.268433	0.66155
0	0.282258	0.652778
0	0.312212	0.644006
0	0.349078	0.626462
0	0.351382	0.605994
0	0.379032	0.58114
0	0.420507	0.553363
0	0.379032	0.529971
0	0.346774	0.518275
0	0.337558	0.525585
0	0.346774	0.565058
0	0.360599	0.584064
0	0.319124	0.620614
0	0.328341	0.66886
0	0.335253	0.682018
0	0.307604	0.730263
0	0.3053	0.763889
0	0.319124	0.809211
0	0.335253	0.820906
0	0.360599	0.828216
0	0.388249	0.822368
0	0.404378	0.798977
0	0.413594	0.788743
0	0.374424	0.768275
0	0.365207	0.765351
0	0.367512	0.777047
0	0.369816	0.800439
0	0.346774	0.798977
0	0.332949	0.779971
0	0.332949	0.739035
0	0.358295	0.690789
0	0.353687	0.66155
0	0.367512	0.63962
0	0.395161	0.61769
0	0.385945	0.608918
0	0.43894	0.591374
0	0.422811	0.572368
0	0.450461	0.534357
0	0.464286	0.538743
0	0.471198	0.591374
0	0.461982	0.629386
0	0.436636	0.648392
0	0.406682	0.67617
0	0.374424	0.702485
0	0.358295	0.762427
0	0.367512	0.739035
0	0.406682	0.667398
0	0.422811	0.611842
0	0.485023	0.598684
0	0.480415	0.614766
0	0.508065	0.63231
0	0.514977	0.649854
0	0.526498	0.660088
0	0.558756	0.667398
0	0.574885	0.674708
0	0.593318	0.67617
